Depth 2.5% 50% 97.5% 
98.402 12.68422 12.99724 14.89048 
107.296 13.04815 13.99789 16.18784 
116.173 13.43197 14.99520 16.85546 
125.054 13.91927 15.99542 17.32666 
133.91 14.73928 16.99699 17.76899 
142.51 17.61609 18.00863 18.97236 
151.098 18.10135 19.00188 23.90651 
160.042 18.42828 19.99854 25.6506 
168.885 18.73928 20.99274 26.80847 
177.732 19.08804 21.99469 27.52736 
186.594 19.43750 22.99421 28.10080 
195.475 19.79623 23.99314 28.59105 
204.342 20.22233 24.99471 29.03885 
213.162 20.7567 25.98942 29.37548 
222.063 21.36956 26.98952 29.7145 
230.974 22.31233 27.98923 30.02941 
239.869 23.47494 28.98607 30.33146 
248.828 25.68049 29.99035 30.66423 
257.163 30.54752 30.99861 33.22217 
266.996 30.97461 31.99412 36.35606 
276.679 31.28532 32.99259 37.50841 
286.374 31.61059 33.98633 38.31489 
296.075 32.00628 34.9758 38.96509 
305.821 32.39032 35.97101 39.5259 
315.729 32.84788 36.96679 40.00871 
325.729 33.49311 37.97574 40.46837 
335.768 34.40428 38.9772 40.93268 
345.658 35.73202 39.97436 41.5038 
354.211 38.88499 40.98328 42.2583 
