Depth 2.5% 50% 97.5% 
102.112 14.43443 15.00061 16.73998 
110.357 14.96130 16.00208 18.64654 
118.465 15.38617 16.99939 19.35397 
126.575 15.83889 17.99744 19.91621 
134.601 16.4141 18.9964 20.34985 
142.709 17.38177 19.99573 20.79851 
150.303 20.52538 21.02022 21.5852 
157.668 21.10373 21.99883 24.67945 
165.265 21.51047 23.00468 25.6897 
172.805 21.94639 24.00499 26.2499 
180.179 22.4822 24.99667 26.73674 
187.679 23.16421 25.99713 27.21121 
195.532 24.87525 26.99798 27.74575 
203.052 27.24326 28.00231 29.79971 
214.022 27.78494 28.99521 30.98091 
224.729 28.30539 29.99636 31.61386 
235.437 28.94729 30.99345 32.14801 
246.274 30.39108 31.99309 32.78923 
257.243 32.21331 32.9939 34.4647 
271.469 32.83791 34.00130 35.359 
285.444 33.51241 34.99866 35.94897 
297.645 35.16543 35.98324 36.766 
305.839 35.93917 36.99574 39.68908 
314.34 36.43769 38.00521 40.57879 
322.698 36.89224 39.0079 41.2034 
330.916 37.42896 40.00278 41.67857 
339.271 38.20281 40.99985 42.165 
347.686 40.18074 42.00096 42.85697 
